0 0.000000 
1 0.000000 
2 0.000000 
3 0.000000 
4 0.000000 
5 0.000000 
6 0.000000 
7 0.000000 
8 0.000000 
9 0.000000 
10 0.000000 
11 0.000000 
12 0.000000 
13 0.000000 
14 0.000000 
15 0.000000 
16 0.000000 
17 0.000000 
18 0.000000 
19 0.000000 
20 0.000000 
21 0.000000 
22 0.000000 
23 0.000000 
24 0.000000 
25 0.000000 
26 0.000000 
27 0.000000 
28 0.000000 
29 0.000000 
30 0.000000 
31 0.000000 
32 0.000000 
33 0.000000 
34 0.000000 
35 0.000000 
36 0.000000 
37 0.000000 
38 0.000000 
39 0.000000 
40 0.000000 
41 0.000000 
42 0.000000 
43 0.000000 
44 0.000000 
45 0.000000 
46 0.000000 
47 0.000000 
48 0.000000 
49 0.000000 
50 0.000000 
51 0.000000 
52 0.000000 
53 0.000000 
54 0.000000 
55 0.000000 
56 0.000000 
57 0.000000 
58 0.000000 
59 0.000000 
60 0.000000 
61 0.000000 
62 0.000000 
63 0.000000 
64 0.000000 
65 0.000000 
66 0.000000 
67 0.000000 
68 0.000000 
69 0.000000 
70 0.000000 
71 0.000000 
72 0.000000 
73 0.000000 
74 0.000000 
75 0.000000 
76 0.000000 
77 0.000000 
78 0.000000 
79 0.000000 
80 0.000000 
81 0.000000 
82 0.000000 
83 0.000000 
84 0.000000 
85 0.000000 
86 0.000000 
87 0.000000 
88 0.000000 
89 0.000000 
90 0.000000 
91 0.000000 
92 0.000000 
93 0.000000 
94 0.000000 
95 0.000000 
96 0.000000 
97 0.000000 
98 0.000000 
99 0.000000 
100 0.000000 
101 0.000000 
102 0.000000 
103 0.000000 
104 0.000000 
105 0.000000 
106 0.000000 
107 0.000000 
108 0.000000 
109 0.000000 
110 0.000000 
111 0.000000 
112 0.000022 
113 0.000056 
114 0.000033 
115 0.000067 
116 0.000033 
117 0.000100 
118 0.000111 
119 0.000089 
120 0.000144 
121 0.000189 
122 0.000322 
123 0.000389 
124 0.000444 
125 0.000456 
126 0.000767 
127 0.000733 
128 0.000989 
129 0.001267 
130 0.001433 
131 0.001600 
132 0.001944 
133 0.002544 
134 0.002456 
135 0.002733 
136 0.003300 
137 0.003900 
138 0.004144 
139 0.004444 
140 0.005322 
141 0.006000 
142 0.006367 
143 0.006611 
144 0.007689 
145 0.008156 
146 0.008856 
147 0.009778 
148 0.011300 
149 0.011444 
150 0.011800 
151 0.012967 
152 0.014011 
153 0.015200 
154 0.016567 
155 0.017644 
156 0.018311 
157 0.019633 
158 0.020578 
159 0.021178 
160 0.022178 
161 0.022911 
162 0.024067 
163 0.024333 
164 0.025478 
165 0.026100 
166 0.027044 
167 0.027067 
168 0.027578 
169 0.027389 
170 0.027000 
171 0.028544 
172 0.028011 
173 0.027356 
174 0.026911 
175 0.026056 
176 0.025078 
177 0.023356 
178 0.023178 
179 0.022622 
180 0.020722 
181 0.020522 
182 0.019189 
183 0.017733 
184 0.015933 
185 0.014289 
186 0.013278 
187 0.011944 
188 0.010911 
189 0.009167 
190 0.008111 
191 0.007033 
192 0.006578 
193 0.005656 
194 0.004544 
195 0.003578 
196 0.003078 
197 0.002511 
198 0.001811 
199 0.001544 
200 0.001211 
201 0.001011 
202 0.000778 
203 0.000589 
204 0.000489 
205 0.000422 
206 0.000300 
207 0.000178 
208 0.000156 
209 0.000078 
210 0.000100 
211 0.000089 
212 0.000056 
213 0.000022 
214 0.000011 
215 0.000000 
216 0.000000 
217 0.000011 
218 0.000000 
219 0.000000 
220 0.000000 
221 0.000000 
222 0.000000 
223 0.000000 
224 0.000000 
225 0.000000 
226 0.000000 
227 0.000000 
228 0.000000 
229 0.000000 
230 0.000000 
231 0.000000 
232 0.000000 
233 0.000000 
234 0.000000 
235 0.000000 
236 0.000000 
237 0.000000 
238 0.000000 
239 0.000000 
240 0.000000 
241 0.000000 
242 0.000000 
243 0.000000 
244 0.000000 
245 0.000000 
246 0.000000 
247 0.000000 
248 0.000000 
249 0.000000 
250 0.000000 
251 0.000000 
252 0.000000 
253 0.000000 
254 0.000000 
255 0.000000 
256 0.000000 
257 0.000000 
258 0.000000 
259 0.000000 
260 0.000000 
261 0.000000 
262 0.000000 
263 0.000000 
264 0.000000 
265 0.000000 
266 0.000000 
267 0.000000 
268 0.000000 
269 0.000000 
270 0.000000 
271 0.000000 
272 0.000000 
273 0.000000 
274 0.000000 
275 0.000000 
276 0.000000 
277 0.000000 
278 0.000000 
279 0.000000 
280 0.000000 
281 0.000000 
282 0.000000 
283 0.000000 
284 0.000000 
285 0.000000 
286 0.000000 
287 0.000000 
288 0.000000 
289 0.000000 
290 0.000000 
291 0.000000 
292 0.000000 
293 0.000000 
294 0.000000 
295 0.000000 
296 0.000000 
297 0.000000 
298 0.000000 
299 0.000000 
300 0.000000 
301 0.000000 
302 0.000000 
303 0.000000 
304 0.000000 
305 0.000000 
306 0.000000 
307 0.000000 
308 0.000000 
309 0.000000 
310 0.000000 
311 0.000000 
312 0.000000 
313 0.000000 
314 0.000000 
315 0.000000 
316 0.000000 
317 0.000000 
318 0.000000 
319 0.000000 
320 0.000000 
321 0.000000 
322 0.000000 
323 0.000000 
324 0.000000 
325 0.000000 
326 0.000000 
327 0.000000 
328 0.000000 
329 0.000000 
330 0.000000 
331 0.000000 
332 0.000000 
333 0.000000 
334 0.000000 
335 0.000000 
336 0.000000 
337 0.000000 
338 0.000000 
339 0.000000 
340 0.000000 
341 0.000000 
342 0.000000 
343 0.000000 
344 0.000000 
345 0.000000 
346 0.000000 
347 0.000000 
348 0.000000 
349 0.000000 
350 0.000000 
351 0.000000 
352 0.000000 
353 0.000000 
354 0.000000 
355 0.000000 
356 0.000000 
357 0.000000 
358 0.000000 
359 0.000000 
360 0.000000 
361 0.000000 
362 0.000000 
363 0.000000 
364 0.000000 
365 0.000000 
366 0.000000 
367 0.000000 
368 0.000000 
369 0.000000 
370 0.000000 
371 0.000000 
372 0.000000 
373 0.000000 
374 0.000000 
375 0.000000 
376 0.000000 
377 0.000000 
378 0.000000 
379 0.000000 
380 0.000000 
381 0.000000 
382 0.000000 
383 0.000000 
384 0.000000 
385 0.000000 
386 0.000000 
387 0.000000 
388 0.000000 
389 0.000000 
390 0.000000 
391 0.000000 
392 0.000000 
393 0.000000 
394 0.000000 
395 0.000000 
396 0.000000 
397 0.000000 
398 0.000000 
399 0.000000 
